1 501.471
2 501.843
3 502.51
4 503.039
5 503.549
6 504.059
7 504.569
8 504.961
9 505.549
10 505.922
11 506.471
12 506.882
13 507.51
14 508.02
15 508.412
16 509.02
17 509.588
18 510.078
19 510.588
20 511.137
21 511.725
22 512.157
23 512.627
24 513.118
25 513.686
26 514.176
27 514.647
28 515.176
29 515.608
30 516.098
31 516.51
32 517
33 517.51
34 517.843
35 518.294
36 518.804
37 519.255
38 519.686
39 520.196
40 520.745
41 521.235
42 521.706
43 522.235
44 522.784
45 523.196
46 523.824
47 524.314
48 524.824
49 525.314
50 525.706
51 526.118
52 526.608
53 527.176
54 527.784
55 528.196
56 528.608
57 529.059
58 529.451
59 529.922
60 530.314
61 530.784
62 531.294
63 531.765
64 532.176
65 532.529
66 532.941
67 533.471
68 533.98
69 534.549
70 534.941
71 535.373
72 535.686
73 536.078
74 536.608
75 537.216
76 537.667
77 538.255
78 538.725
79 539.157
80 539.725
81 540.118
82 540.588
83 540.98
84 541.51
85 542
86 542.431
87 542.824
88 543.353
89 543.843
90 544.314
91 544.686
92 545.176
93 545.667
94 546.196
95 546.647
96 547.196
97 547.627
98 548.039
99 548.412
100 548.863
101 549.275
102 549.804
103 550.333
104 550.784
105 551.255
106 551.667
107 552.137
108 552.51
109 553.039
110 553.529
111 553.863
112 554.314
113 554.725
114 555.157
115 555.608
116 556.078
117 556.588
118 557.078
119 557.569
120 558
121 558.294
122 558.725
123 559.137
124 559.471
125 559.922
126 560.353
127 560.745
128 561.078
129 561.451
130 561.843
131 562.255
132 562.725
133 563.078
134 563.529
135 563.961
136 564.49
137 564.98
138 565.333
139 565.647
140 566.157
141 566.745
142 567.039
143 567.412
144 567.922
145 568.392
146 568.725
147 569.118
148 569.49
149 569.863
150 570.333
151 570.667
152 571.039
153 571.49
154 571.902
155 572.333
156 572.784
157 573.196
158 573.667
159 574.137
160 574.549
161 574.843
162 575.314
163 575.706
164 576.157
165 576.569
166 577.078
167 577.49
168 577.804
169 578.137
170 578.49
171 579
172 579.431
173 579.882
174 580.294
175 580.745
176 581.275
177 581.725
178 582.176
179 582.725
180 583.078
181 583.373
182 583.686
183 584.157
184 584.373
185 584.706
186 585.059
187 585.412
188 585.902
189 586.314
190 586.765
191 587.255
192 587.627
193 588.118
194 588.608
195 589.078
196 589.529
197 589.882
198 590.157
199 590.706
200 591.059
201 591.392
202 591.647
203 592.118
204 592.51
205 593.078
206 593.529
207 593.922
208 594.353
209 594.765
210 595.196
211 595.745
212 596.157
213 596.569
214 596.961
215 597.451
216 597.784
217 598.176
218 598.451
219 598.725
220 599.118
221 599.471
222 600.039
223 600.51
224 600.843
225 601.275
226 601.706
227 602.078
228 602.49
229 602.863
230 603.255
231 603.765
232 604.255
233 604.667
234 605.059
235 605.588
236 606.059
237 606.51
238 606.843
239 607.078
240 607.373
241 607.784
242 608.216
243 608.627
244 608.98
245 609.451
246 609.824
247 610.157
248 610.549
249 610.902
250 611.314
251 611.588
252 611.98
253 612.392
254 612.882
255 613.412
256 613.745
257 614.235
258 614.667
259 615.02
260 615.471
261 615.824
262 616.235
263 616.529
264 617
265 617.392
266 617.843
267 618.235
268 618.529
269 618.863
270 619.118
271 619.569
272 620.02
273 620.392
274 620.882
275 621.294
276 621.667
277 622.098
278 622.471
279 622.765
280 623.118
281 623.49
282 624
283 624.471
284 624.804
285 625.157
286 625.647
287 626.02
288 626.471
289 626.824
290 627.176
291 627.471
292 627.882
293 628.275
294 628.686
295 628.941
296 629.333
297 629.627
298 630
299 630.294
300 630.608
301 630.961
302 631.314
303 631.686
304 632.118
305 632.373
306 632.608
307 632.941
308 633.275
309 633.49
310 633.824
311 634.137
312 634.353
313 634.706
314 635
315 635.412
316 635.824
317 636.176
318 636.549
319 636.922
320 637.294
321 637.569
322 637.941
323 638.314
324 638.588
325 638.902
326 639.098
327 639.49
328 639.863
329 640.314
330 640.745
331 641
332 641.412
333 641.647
334 641.961
335 642.392
336 642.686
337 643.118
338 643.49
339 643.804
340 644.118
341 644.471
342 644.765
343 645.118
344 645.49
345 645.843
346 646.294
347 646.588
348 646.863
349 647.157
350 647.412
351 647.745
352 648.216
353 648.549
354 648.843
355 649.255
356 649.588
357 649.843
358 650.176
359 650.51
360 650.843
361 651.098
362 651.431
363 651.725
364 652.02
365 652.451
366 652.863
367 653.314
368 653.745
369 654.039
370 654.412
371 654.784
372 655.196
373 655.686
374 655.98
375 656.353
376 656.745
377 657.098
378 657.373
379 657.765
380 658.157
381 658.392
382 658.843
383 659.137
384 659.569
385 659.843
386 660.118
387 660.549
388 660.824
389 661.216
390 661.627
391 661.98
392 662.255
393 662.784
394 663.137
395 663.431
396 663.725
397 664.098
398 664.471
399 664.765
400 665.118
401 665.529
402 665.863
403 666.216
404 666.608
405 667
406 667.353
407 667.706
408 668.039
409 668.412
410 668.745
411 669.059
412 669.392
413 669.804
414 670.098
415 670.373
416 670.647
417 671
418 671.255
419 671.627
420 671.922
421 672.294
422 672.627
423 672.922
424 673.294
425 673.627
426 673.922
427 674.333
428 674.647
429 675.02
430 675.314
431 675.588
432 675.941
433 676.235
434 676.588
435 676.922
436 677.216
437 677.588
438 677.745
439 678.039
440 678.451
441 678.725
442 679.098
443 679.569
444 679.863
445 680.157
446 680.49
447 680.824
448 681.039
449 681.373
450 681.608
451 681.941
452 682.255
453 682.588
454 682.902
455 683.176
456 683.471
457 683.824
458 684.294
459 684.725
460 685
461 685.314
462 685.549
463 685.98
464 686.294
465 686.549
466 686.98
467 687.373
468 687.667
469 688
470 688.314
471 688.627
472 688.941
473 689.275
474 689.471
475 689.804
476 690.118
477 690.373
478 690.725
479 691.02
480 691.294
481 691.647
482 691.922
483 692.176
484 692.333
485 692.627
486 692.843
487 693.059
488 693.431
489 693.686
490 694
491 694.216
492 694.549
493 694.843
494 695.059
495 695.294
496 695.647
497 695.922
498 696.157
499 696.51
500 696.922
501 697.098
502 697.431
503 697.706
504 697.882
505 698.098
506 698.49
507 698.882
508 699.137
509 699.353
510 699.765
511 700.176
512 700.569
513 700.863
514 701.235
515 701.608
516 701.98
517 702.333
518 702.608
519 702.941
520 703.333
521 703.686
522 704
523 704.294
524 704.51
525 704.863
526 705.118
527 705.373
528 705.706
529 706
530 706.176
531 706.392
532 706.765
533 707.059
534 707.314
535 707.706
536 708
537 708.275
538 708.686
539 709.02
540 709.373
541 709.647
542 709.882
543 710.176
544 710.431
545 710.804
546 711.039
547 711.353
548 711.686
549 712.02
550 712.275
551 712.588
552 712.902
553 713.216
554 713.471
555 713.804
556 714.078
557 714.392
558 714.627
559 714.98
560 715.235
561 715.471
562 715.765
563 716.02
564 716.353
565 716.706
566 717.039
567 717.431
568 717.765
569 718.039
570 718.333
571 718.608
572 718.784
573 719.098
574 719.412
575 719.686
576 719.941
577 720.314
578 720.588
579 720.784
580 721.078
581 721.294
582 721.569
583 721.765
584 721.98
585 722.137
586 722.412
587 722.627
588 722.922
589 723.078
590 723.196
591 723.588
592 723.882
593 724.118
594 724.392
595 724.686
596 724.961
597 725.157
598 725.392
599 725.667
600 725.941
601 726.235
602 726.51
603 726.745
604 727.157
605 727.412
606 727.765
607 727.941
608 728.235
609 728.51
610 728.765
611 728.98
612 729.294
613 729.51
614 729.686
615 729.902
616 730.118
617 730.431
618 730.667
619 730.902
620 731.275
621 731.51
622 731.725
623 732
624 732.216
625 732.51
626 732.745
627 733.078
628 733.353
629 733.549
630 733.765
631 734.059
632 734.275
633 734.392
634 734.647
635 735.118
636 735.392
637 735.725
638 735.961
639 736.255
640 736.451
641 736.647
642 736.863
643 737.255
644 737.549
645 737.843
646 738.098
647 738.353
648 738.627
649 738.863
650 739.078
651 739.51
652 739.686
653 739.922
654 740.02
655 740.412
656 740.627
657 740.922
658 741.255
659 741.451
660 741.686
661 741.922
662 742.235
663 742.49
664 742.784
665 743.157
666 743.294
667 743.667
668 743.902
669 744.216
670 744.314
671 744.451
672 744.765
673 745.078
674 745.392
675 745.647
676 746.02
677 746.392
678 746.549
679 746.843
680 747.157
681 747.471
682 747.647
683 747.843
684 748.118
685 748.333
686 748.686
687 748.922
688 749.157
689 749.49
690 749.725
691 749.882
692 750.137
693 750.294
694 750.549
695 750.843
696 751.039
697 751.294
698 751.627
699 751.863
700 752.118
701 752.451
702 752.765
703 752.961
704 753.235
705 753.49
706 753.784
707 753.961
708 754.294
709 754.529
710 754.725
711 755.02
712 755.314
713 755.529
714 755.706
715 756.059
716 756.333
717 756.588
718 756.882
719 757.157
720 757.412
721 757.569
722 757.922
723 758.176
724 758.392
725 758.667
726 758.843
727 759.118
728 759.333
729 759.569
730 759.922
731 760.196
732 760.451
733 760.725
734 760.882
735 761.118
736 761.255
737 761.51
738 761.745
739 762.078
740 762.255
741 762.451
742 762.647
743 762.863
744 763.078
745 763.333
746 763.569
747 763.765
748 764.059
749 764.255
750 764.529
751 764.843
752 765.216
753 765.451
754 765.627
755 765.765
756 765.961
757 766.216
758 766.451
759 766.706
760 766.98
761 767.235
762 767.51
763 767.804
764 767.961
765 768.255
766 768.549
767 768.686
768 768.863
769 769.098
770 769.392
771 769.608
772 769.824
773 769.961
774 770.157
775 770.373
776 770.647
777 770.902
778 771.235
779 771.431
780 771.608
781 771.765
782 771.98
783 772.137
784 772.333
785 772.569
786 772.784
787 772.98
788 773.118
789 773.294
790 773.549
791 773.784
792 773.922
793 774.157
794 774.294
795 774.549
796 774.706
797 775
798 775.255
799 775.392
800 775.529
801 775.804
802 776.118
803 776.294
804 776.471
805 776.745
806 777.059
807 777.353
808 777.647
809 777.941
810 778.059
811 778.314
812 778.471
813 778.706
814 778.824
815 778.961
816 779.098
817 779.314
818 779.549
819 779.824
820 780.078
821 780.314
822 780.549
823 780.824
824 781.02
825 781.275
826 781.529
827 781.667
828 781.941
829 782.275
830 782.412
831 782.569
832 782.843
833 783.059
834 783.275
835 783.569
836 783.784
837 784.02
838 784.118
839 784.294
840 784.549
841 784.784
842 784.98
843 785.196
844 785.451
845 785.706
846 785.882
847 786.078
848 786.294
849 786.549
850 786.941
851 787.137
852 787.373
853 787.529
854 787.706
855 788
856 788.216
857 788.451
858 788.588
859 788.765
860 788.902
861 789.078
862 789.255
863 789.51
864 789.745
865 790.059
866 790.216
867 790.431
868 790.627
869 790.784
870 790.961
871 791.118
872 791.353
873 791.471
874 791.608
875 791.882
876 792.02
877 792.196
878 792.529
879 792.667
880 792.902
881 793.137
882 793.294
883 793.451
884 793.706
885 793.961
886 794.176
887 794.49
888 794.725
889 794.961
890 795.078
891 795.353
892 795.588
893 795.784
894 795.98
895 796.137
896 796.333
897 796.451
898 796.667
899 796.882
900 797.157
901 797.451
902 797.569
903 797.843
904 797.98
905 798.137
906 798.216
907 798.49
908 798.667
909 798.882
910 799
911 799.137
912 799.353
913 799.529
914 799.745
915 799.882
916 800.078
917 800.255
918 800.451
919 800.706
920 800.922
921 801.118
922 801.275
923 801.392
924 801.686
925 801.922
926 802.196
927 802.373
928 802.569
929 802.863
930 803.078
931 803.294
932 803.451
933 803.588
934 803.824
935 804
936 804.196
937 804.451
938 804.549
939 804.804
940 805.02
941 805.333
942 805.588
943 805.745
944 806
945 806.235
946 806.49
947 806.706
948 807.02
949 807.196
950 807.333
951 807.529
952 807.667
953 807.863
954 808.157
955 808.392
956 808.608
957 808.804
958 808.98
959 809.157
960 809.333
961 809.51
962 809.686
963 809.843
964 810.059
965 810.216
966 810.451
967 810.588
968 810.745
969 810.98
970 811.176
971 811.353
972 811.569
973 811.725
974 811.961
975 812.078
976 812.333
977 812.49
978 812.686
979 812.902
980 813.039
981 813.235
982 813.333
983 813.588
984 813.784
985 813.961
986 814.196
987 814.353
988 814.549
989 814.804
990 814.882
991 815.078
992 815.353
993 815.529
994 815.765
995 815.922
996 816.098
997 816.216
998 816.314
999 816.451
1000 816.588
1001 816.765
1002 817
1003 817.176
1004 817.314
1005 817.49
1006 817.627
1007 817.784
1008 817.98
1009 818.137
1010 818.255
1011 818.412
1012 818.569
1013 818.706
1014 818.941
1015 819.137
1016 819.275
1017 819.373
1018 819.569
1019 819.667
1020 819.804
1021 819.961
1022 820.098
1023 820.255
1024 820.373
1025 820.451
1026 820.667
1027 820.804
1028 821.02
1029 821.157
1030 821.294
1031 821.431
1032 821.608
1033 821.804
1034 821.961
1035 822.176
1036 822.333
1037 822.451
1038 822.667
1039 822.784
1040 822.98
1041 823.196
1042 823.373
1043 823.529
1044 823.686
1045 823.843
1046 824.137
1047 824.294
1048 824.431
1049 824.627
1050 824.824
1051 825.02
1052 825.196
1053 825.353
1054 825.49
1055 825.608
1056 825.784
1057 825.961
1058 826.118
1059 826.373
1060 826.51
1061 826.686
1062 826.941
1063 827.157
1064 827.275
1065 827.49
1066 827.667
1067 827.824
1068 827.922
1069 828.078
1070 828.275
1071 828.49
1072 828.588
1073 828.765
1074 828.922
1075 829.157
1076 829.314
1077 829.549
1078 829.647
1079 829.824
1080 830
1081 830.137
1082 830.373
1083 830.667
1084 830.824
1085 831.078
1086 831.216
1087 831.431
1088 831.627
1089 831.745
1090 831.863
1091 832
1092 832.157
1093 832.275
1094 832.49
1095 832.627
1096 832.824
1097 833.059
1098 833.216
1099 833.471
1100 833.608
1101 833.765
1102 833.902
1103 834.078
1104 834.255
1105 834.353
1106 834.51
1107 834.706
1108 834.863
1109 835
1110 835.137
1111 835.255
1112 835.353
1113 835.471
1114 835.647
1115 835.784
1116 836.02
1117 836.098
1118 836.255
1119 836.431
1120 836.529
1121 836.667
1122 836.843
1123 836.941
1124 837.137
1125 837.373
1126 837.627
1127 837.784
1128 837.98
1129 838.157
1130 838.314
1131 838.412
1132 838.529
1133 838.725
1134 838.863
1135 839.039
1136 839.216
1137 839.373
1138 839.51
1139 839.745
1140 839.961
1141 840.157
1142 840.294
1143 840.392
1144 840.549
1145 840.647
1146 840.745
1147 840.863
1148 840.882
1149 841.098
1150 841.255
1151 841.392
1152 841.549
1153 841.745
1154 841.882
1155 841.98
1156 842.176
1157 842.275
1158 842.353
1159 842.471
1160 842.667
1161 842.882
1162 843
1163 843.235
1164 843.49
1165 843.647
1166 843.843
1167 843.98
1168 844.059
1169 844.157
1170 844.353
1171 844.529
1172 844.706
1173 844.882
1174 845.059
1175 845.294
1176 845.471
1177 845.549
1178 845.706
1179 845.882
1180 846
1181 846.118
1182 846.294
1183 846.431
1184 846.549
1185 846.745
1186 846.941
1187 847.078
1188 847.235
1189 847.392
1190 847.549
1191 847.686
1192 847.863
1193 848.039
1194 848.098
1195 848.255
1196 848.353
1197 848.412
1198 848.529
1199 848.667
1200 848.765
1201 848.824
1202 849.059
1203 849.275
1204 849.392
1205 849.471
1206 849.588
1207 849.725
1208 849.863
1209 850.039
1210 850.196
1211 850.333
1212 850.49
1213 850.588
1214 850.725
1215 850.863
1216 850.941
1217 850.98
1218 851.137
1219 851.373
1220 851.627
1221 851.765
1222 851.824
1223 851.961
1224 852.078
1225 852.196
1226 852.373
1227 852.588
1228 852.765
1229 852.922
1230 853.098
1231 853.157
1232 853.314
1233 853.49
1234 853.608
1235 853.745
1236 853.902
1237 854.118
1238 854.314
1239 854.373
1240 854.49
1241 854.627
1242 854.745
1243 854.902
1244 855.02
1245 855.157
1246 855.255
1247 855.353
1248 855.549
1249 855.745
1250 855.882
1251 856.02
1252 856.176
1253 856.255
1254 856.294
1255 856.51
1256 856.667
1257 856.725
1258 856.824
1259 857.059
1260 857.216
1261 857.314
1262 857.451
1263 857.627
1264 857.765
1265 857.961
1266 858.098
1267 858.255
1268 858.353
1269 858.529
1270 858.686
1271 858.804
1272 858.902
1273 858.98
1274 859.118
1275 859.176
1276 859.294
1277 859.51
1278 859.608
1279 859.804
1280 859.98
1281 860.196
1282 860.294
1283 860.431
1284 860.51
1285 860.627
1286 860.745
1287 860.98
1288 861.118
1289 861.235
1290 861.392
1291 861.608
1292 861.784
1293 861.941
1294 862.098
1295 862.275
1296 862.431
1297 862.529
1298 862.627
1299 862.745
1300 862.863
1301 863.02
1302 863.176
1303 863.255
1304 863.333
1305 863.392
1306 863.549
1307 863.765
1308 863.882
1309 864.02
1310 864.137
1311 864.255
1312 864.392
1313 864.412
1314 864.471
1315 864.627
1316 864.667
1317 864.784
1318 864.922
1319 865
1320 865.098
1321 865.216
1322 865.294
1323 865.529
1324 865.686
1325 865.902
1326 866.039
1327 866.157
1328 866.333
1329 866.49
1330 866.667
1331 866.843
1332 867.039
1333 867.157
1334 867.333
1335 867.412
1336 867.529
1337 867.667
1338 867.784
1339 867.863
1340 867.941
1341 868.059
1342 868.176
1343 868.333
1344 868.392
1345 868.51
1346 868.686
1347 868.804
1348 868.98
1349 869.118
1350 869.176
1351 869.235
1352 869.392
1353 869.51
1354 869.706
1355 869.863
1356 869.961
1357 870.078
1358 870.176
1359 870.314
1360 870.412
1361 870.588
1362 870.706
1363 870.824
1364 870.98
1365 871.196
1366 871.294
1367 871.412
1368 871.529
1369 871.647
1370 871.725
1371 871.922
1372 872.118
1373 872.255
1374 872.333
1375 872.451
1376 872.549
1377 872.667
1378 872.804
1379 872.882
1380 872.941
1381 873.02
1382 873.098
1383 873.294
1384 873.431
1385 873.588
1386 873.725
1387 873.824
1388 873.941
1389 874.059
1390 874.196
1391 874.294
1392 874.431
1393 874.647
1394 874.686
1395 874.843
1396 875.039
1397 875.294
1398 875.412
1399 875.569
1400 875.745
1401 875.922
1402 876.059
1403 876.196
1404 876.333
1405 876.529
1406 876.647
1407 876.725
1408 876.824
1409 877.02
1410 877.137
1411 877.294
1412 877.392
1413 877.49
1414 877.588
1415 877.686
1416 877.765
1417 877.863
1418 877.922
1419 878.118
1420 878.196
1421 878.353
1422 878.431
1423 878.529
1424 878.608
1425 878.765
1426 878.843
1427 878.941
1428 878.98
1429 879.098
1430 879.157
1431 879.275
1432 879.294
1433 879.51
1434 879.627
1435 879.706
1436 880.02
1437 880.157
1438 880.314
1439 880.373
1440 880.51
1441 880.725
1442 880.843
1443 880.941
1444 881.137
1445 881.275
1446 881.373
1447 881.431
1448 881.549
1449 881.608
1450 881.765
1451 881.902
1452 882.02
1453 882.157
1454 882.235
1455 882.275
1456 882.412
1457 882.608
1458 882.647
1459 882.686
1460 882.765
1461 882.922
1462 883
1463 883.059
1464 883.196
1465 883.275
1466 883.353
1467 883.412
1468 883.588
1469 883.686
1470 883.804
1471 883.98
1472 884.137
1473 884.216
1474 884.392
1475 884.588
1476 884.667
1477 884.745
1478 884.843
1479 884.961
1480 885.02
1481 885.157
1482 885.294
1483 885.529
1484 885.647
1485 885.765
1486 885.882
1487 885.961
1488 886.039
1489 886.176
1490 886.255
1491 886.431
1492 886.569
1493 886.647
1494 886.686
1495 886.804
1496 887.02
1497 887.118
1498 887.235
1499 887.294
1500 887.333
1501 887.451
1502 887.569
1503 887.686
1504 887.765
1505 887.902
1506 887.98
1507 888.196
1508 888.255
1509 888.333
1510 888.412
1511 888.549
1512 888.667
1513 888.784
1514 888.843
1515 888.922
1516 889.078
1517 889.118
1518 889.216
1519 889.353
1520 889.471
1521 889.588
1522 889.824
1523 889.922
1524 890.039
1525 890.157
1526 890.216
1527 890.353
1528 890.451
1529 890.51
1530 890.608
1531 890.824
1532 890.961
1533 891
1534 891.078
1535 891.235
1536 891.373
1537 891.471
1538 891.549
1539 891.686
1540 891.843
1541 891.941
1542 892.059
1543 892.137
1544 892.294
1545 892.451
1546 892.569
1547 892.667
1548 892.706
1549 892.804
1550 892.902
1551 893.078
1552 893.098
1553 893.216
1554 893.314
1555 893.373
1556 893.471
1557 893.549
1558 893.686
1559 893.784
1560 893.863
1561 893.941
1562 894.059
1563 894.137
1564 894.196
1565 894.294
1566 894.412
1567 894.451
1568 894.569
1569 894.627
1570 894.784
1571 894.863
1572 894.961
1573 895.059
1574 895.196
1575 895.235
1576 895.373
1577 895.49
1578 895.608
1579 895.706
1580 895.804
1581 895.922
1582 895.98
1583 896.137
1584 896.314
1585 896.353
1586 896.431
1587 896.51
1588 896.569
1589 896.667
1590 896.765
1591 896.843
1592 896.902
1593 897.02
1594 897.137
1595 897.275
1596 897.412
1597 897.471
1598 897.627
1599 897.745
1600 897.843
1601 898.078
1602 898.255
1603 898.412
1604 898.569
1605 898.627
1606 898.765
1607 898.824
1608 898.863
1609 898.98
1610 899.118
1611 899.196
1612 899.275
1613 899.333
1614 899.451
1615 899.608
1616 899.745
1617 899.784
1618 899.902
1619 900
1620 900.118
1621 900.196
1622 900.333
1623 900.373
1624 900.412
1625 900.667
1626 900.745
1627 900.843
1628 900.961
1629 901.118
1630 901.216
1631 901.333
1632 901.431
1633 901.529
1634 901.549
1635 901.627
1636 901.667
1637 901.824
1638 901.941
1639 902.098
1640 902.216
1641 902.275
1642 902.373
1643 902.471
1644 902.549
1645 902.686
1646 902.784
1647 902.961
1648 903.039
1649 903.157
1650 903.176
1651 903.235
1652 903.294
1653 903.451
1654 903.588
1655 903.686
1656 903.784
1657 903.902
1658 904.059
1659 904.196
1660 904.333
1661 904.451
1662 904.49
1663 904.549
1664 904.627
1665 904.745
1666 904.824
1667 904.98
1668 905.059
1669 905.216
1670 905.333
1671 905.412
1672 905.49
1673 905.549
1674 905.667
1675 905.765
1676 905.824
1677 905.922
1678 906.059
1679 906.176
1680 906.314
1681 906.392
1682 906.49
1683 906.588
1684 906.686
1685 906.745
1686 906.882
1687 906.98
1688 907.039
1689 907.196
1690 907.333
1691 907.431
1692 907.529
1693 907.627
1694 907.725
1695 907.784
1696 907.922
1697 908
1698 908.02
1699 908.157
1700 908.314
1701 908.471
1702 908.529
1703 908.627
1704 908.725
1705 908.882
1706 908.922
1707 908.98
1708 909.02
1709 909.059
1710 909.118
1711 909.235
1712 909.392
1713 909.49
1714 909.588
1715 909.647
1716 909.725
1717 909.824
1718 909.902
1719 909.922
1720 909.961
1721 910.059
1722 910.176
1723 910.255
1724 910.353
1725 910.471
1726 910.549
1727 910.588
1728 910.686
1729 910.765
1730 910.902
1731 910.98
1732 911.118
1733 911.176
1734 911.255
1735 911.255
1736 911.373
1737 911.529
1738 911.647
1739 911.745
1740 911.902
1741 912
1742 912.176
1743 912.255
1744 912.353
1745 912.451
1746 912.549
1747 912.706
1748 912.804
1749 912.882
1750 913.039
1751 913.098
1752 913.176
1753 913.235
1754 913.333
1755 913.431
1756 913.51
1757 913.608
1758 913.765
1759 913.902
1760 913.961
1761 914.098
1762 914.196
1763 914.275
1764 914.392
1765 914.412
1766 914.471
1767 914.588
1768 914.706
1769 914.784
1770 914.784
1771 914.922
1772 914.961
1773 915
1774 915.137
1775 915.235
1776 915.314
1777 915.412
1778 915.529
1779 915.686
1780 915.765
1781 915.804
1782 915.902
1783 915.98
1784 916.137
1785 916.275
1786 916.333
1787 916.471
1788 916.471
1789 916.569
1790 916.804
1791 916.824
1792 916.902
1793 917
1794 917.059
1795 917.176
1796 917.235
1797 917.275
1798 917.333
1799 917.471
1800 917.608
1801 917.667
1802 917.706
1803 917.824
1804 917.941
1805 918.059
1806 918.118
1807 918.235
1808 918.314
1809 918.333
1810 918.451
1811 918.569
1812 918.706
1813 918.784
1814 918.961
1815 919.059
1816 919.157
1817 919.275
1818 919.392
1819 919.412
1820 919.451
1821 919.549
1822 919.627
1823 919.725
1824 919.784
1825 919.941
1826 920.078
1827 920.196
1828 920.255
1829 920.294
1830 920.412
1831 920.549
1832 920.588
1833 920.667
1834 920.725
1835 920.784
1836 920.902
1837 921.02
1838 921.078
1839 921.137
1840 921.176
1841 921.314
1842 921.451
1843 921.549
1844 921.608
1845 921.725
1846 921.765
1847 921.882
1848 921.941
1849 922.078
1850 922.137
1851 922.255
1852 922.275
1853 922.353
1854 922.412
1855 922.529
1856 922.627
1857 922.686
1858 922.765
1859 922.843
1860 922.902
1861 922.941
1862 922.98
1863 923.118
1864 923.235
1865 923.333
1866 923.51
1867 923.588
1868 923.647
1869 923.784
1870 923.824
1871 923.902
1872 923.98
1873 924.059
1874 924.118
1875 924.216
1876 924.275
1877 924.333
1878 924.373
1879 924.412
1880 924.49
1881 924.627
1882 924.765
1883 924.804
1884 924.922
1885 924.961
1886 924.961
1887 925.157
1888 925.216
1889 925.275
1890 925.412
1891 925.49
1892 925.627
1893 925.706
1894 925.902
1895 925.941
1896 925.961
1897 926.059
1898 926.098
1899 926.196
1900 926.196
1901 926.196
1902 926.235
1903 926.275
1904 926.314
1905 926.412
1906 926.49
1907 926.647
1908 926.725
1909 926.765
1910 926.804
1911 926.882
1912 927
1913 927.059
1914 927.157
1915 927.216
1916 927.314
1917 927.353
1918 927.412
1919 927.471
1920 927.49
1921 927.569
1922 927.588
1923 927.667
1924 927.745
1925 927.804
1926 927.824
1927 927.863
1928 927.98
1929 928.157
1930 928.275
1931 928.353
1932 928.451
1933 928.51
1934 928.588
1935 928.706
1936 928.745
1937 928.745
1938 928.784
1939 928.843
1940 928.882
1941 928.902
1942 929
1943 929.118
1944 929.176
1945 929.275
1946 929.353
1947 929.451
1948 929.49
1949 929.529
1950 929.608
1951 929.686
1952 929.765
1953 929.843
1954 930.02
1955 930.078
1956 930.157
1957 930.216
1958 930.235
1959 930.255
1960 930.294
1961 930.373
1962 930.49
1963 930.569
1964 930.686
1965 930.784
1966 930.882
1967 930.961
1968 931.039
1969 931.137
1970 931.157
1971 931.255
1972 931.333
1973 931.412
1974 931.529
1975 931.588
1976 931.588
1977 931.686
1978 931.784
1979 931.863
1980 931.902
1981 932.02
1982 932.059
1983 932.176
1984 932.255
1985 932.314
1986 932.373
1987 932.471
1988 932.51
1989 932.588
1990 932.627
1991 932.667
1992 932.824
1993 932.902
1994 932.941
1995 933.078
1996 933.216
1997 933.275
1998 933.333
1999 933.412
2000 933.51
2001 933.569
2002 933.647
2003 933.745
2004 933.863
2005 933.922
2006 934.02
2007 934.118
2008 934.216
2009 934.314
2010 934.373
2011 934.451
2012 934.51
2013 934.549
2014 934.588
2015 934.667
2016 934.725
2017 934.745
2018 934.784
2019 934.863
2020 934.922
2021 935
2022 935.059
2023 935.176
2024 935.216
2025 935.275
2026 935.353
2027 935.392
2028 935.431
2029 935.49
2030 935.51
2031 935.588
2032 935.706
2033 935.784
2034 935.824
2035 935.843
2036 935.922
2037 936
2038 936.078
2039 936.118
2040 936.216
2041 936.314
2042 936.373
2043 936.431
2044 936.49
2045 936.608
2046 936.706
2047 936.824
2048 936.882
2049 936.98
2050 937.039
2051 937.137
2052 937.176
2053 937.275
2054 937.333
2055 937.392
2056 937.471
2057 937.51
2058 937.549
2059 937.608
2060 937.647
2061 937.686
2062 937.745
2063 937.804
2064 937.824
2065 937.843
2066 937.843
2067 937.961
2068 937.961
2069 938.059
2070 938.118
2071 938.294
2072 938.294
2073 938.373
2074 938.392
2075 938.471
2076 938.51
2077 938.549
2078 938.608
2079 938.667
2080 938.706
2081 938.784
2082 938.863
2083 938.882
2084 938.98
2085 939.059
2086 939.078
2087 939.098
2088 939.176
2089 939.255
2090 939.333
2091 939.353
2092 939.373
2093 939.451
2094 939.51
2095 939.569
2096 939.608
2097 939.706
2098 939.745
2099 939.784
2100 939.882
2101 939.922
2102 939.961
2103 940.039
2104 940.039
2105 940.098
2106 940.255
2107 940.353
2108 940.392
2109 940.471
2110 940.51
2111 940.569
2112 940.627
2113 940.647
2114 940.686
2115 940.784
2116 940.843
2117 940.843
2118 940.882
2119 940.941
2120 940.98
2121 941.02
2122 941.059
2123 941.118
2124 941.137
2125 941.176
2126 941.255
2127 941.294
2128 941.333
2129 941.412
2130 941.451
2131 941.529
2132 941.588
2133 941.667
2134 941.784
2135 941.882
2136 941.941
2137 942.039
2138 942.078
2139 942.137
2140 942.255
2141 942.333
2142 942.431
2143 942.49
2144 942.608
2145 942.647
2146 942.725
2147 942.745
2148 942.784
2149 942.804
2150 942.863
2151 942.941
2152 943.02
2153 943.02
2154 943.078
2155 943.098
2156 943.137
2157 943.216
2158 943.275
2159 943.294
2160 943.431
2161 943.471
2162 943.588
2163 943.725
2164 943.745
2165 943.824
2166 943.882
2167 943.941
2168 944
2169 944.039
2170 944.098
2171 944.157
2172 944.157
2173 944.196
2174 944.235
2175 944.275
2176 944.333
2177 944.392
2178 944.549
2179 944.569
2180 944.608
2181 944.647
2182 944.686
2183 944.725
2184 944.765
2185 944.824
2186 944.902
2187 945.039
2188 945.078
2189 945.118
2190 945.157
2191 945.255
2192 945.294
2193 945.431
2194 945.49
2195 945.51
2196 945.569
2197 945.647
2198 945.686
2199 945.706
2200 945.765
2201 945.804
2202 945.882
2203 945.961
2204 946.02
2205 946.059
2206 946.118
2207 946.157
2208 946.176
2209 946.235
2210 946.294
2211 946.373
2212 946.373
2213 946.431
2214 946.529
2215 946.608
2216 946.725
2217 946.784
2218 946.804
2219 946.863
2220 946.902
2221 946.961
2222 947.039
2223 947.118
2224 947.137
2225 947.137
2226 947.196
2227 947.216
2228 947.275
2229 947.314
2230 947.392
2231 947.471
2232 947.549
2233 947.627
2234 947.647
2235 947.706
2236 947.765
2237 947.804
2238 947.843
2239 947.941
2240 948
2241 948.039
2242 948.039
2243 948.078
2244 948.118
2245 948.137
2246 948.235
2247 948.275
2248 948.353
2249 948.353
2250 948.471
2251 948.471
2252 948.51
2253 948.588
2254 948.667
2255 948.706
2256 948.784
2257 948.843
2258 948.922
2259 948.961
2260 949
2261 949.078
2262 949.137
2263 949.235
2264 949.314
2265 949.353
2266 949.451
2267 949.529
2268 949.549
2269 949.588
2270 949.627
2271 949.686
2272 949.745
2273 949.824
2274 949.843
2275 949.843
2276 949.882
2277 949.882
2278 949.98
2279 950
2280 950.078
2281 950.118
2282 950.137
2283 950.176
2284 950.235
2285 950.235
2286 950.314
2287 950.373
2288 950.412
2289 950.451
2290 950.49
2291 950.529
2292 950.588
2293 950.647
2294 950.647
2295 950.706
2296 950.706
2297 950.784
2298 950.824
2299 950.922
2300 950.98
2301 951.02
2302 951.039
2303 951.059
2304 951.078
2305 951.098
2306 951.118
2307 951.196
2308 951.255
2309 951.294
2310 951.333
2311 951.392
2312 951.451
2313 951.49
2314 951.529
2315 951.608
2316 951.647
2317 951.667
2318 951.686
2319 951.725
2320 951.765
2321 951.804
2322 951.922
2323 951.98
2324 952.039
2325 952.078
2326 952.137
2327 952.196
2328 952.216
2329 952.294
2330 952.333
2331 952.392
2332 952.431
2333 952.471
2334 952.549
2335 952.549
2336 952.569
2337 952.667
2338 952.686
2339 952.765
2340 952.784
2341 952.804
2342 952.863
2343 952.922
2344 952.961
2345 953
2346 953.02
2347 953.039
2348 953.098
2349 953.137
2350 953.157
2351 953.196
2352 953.275
2353 953.294
2354 953.333
2355 953.373
2356 953.412
2357 953.471
2358 953.529
2359 953.627
2360 953.627
2361 953.647
2362 953.706
2363 953.706
2364 953.706
2365 953.725
2366 953.784
2367 953.824
2368 953.882
2369 953.961
2370 954.02
2371 954.039
2372 954.078
2373 954.118
2374 954.176
2375 954.255
2376 954.333
2377 954.392
2378 954.412
2379 954.451
2380 954.51
2381 954.51
2382 954.51
2383 954.588
2384 954.667
2385 954.686
2386 954.765
2387 954.784
2388 954.843
2389 954.863
2390 954.922
2391 954.961
2392 955.02
2393 955.059
2394 955.098
2395 955.137
2396 955.196
2397 955.255
2398 955.314
2399 955.353
2400 955.373
2401 955.412
2402 955.451
2403 955.529
2404 955.549
2405 955.588
2406 955.608
2407 955.725
2408 955.784
2409 955.804
2410 955.843
2411 955.922
2412 955.98
2413 956.039
2414 956.137
2415 956.176
2416 956.196
2417 956.255
2418 956.373
2419 956.451
2420 956.471
2421 956.49
2422 956.549
2423 956.608
2424 956.647
2425 956.686
2426 956.725
2427 956.784
2428 956.784
2429 956.882
2430 956.902
2431 956.941
2432 956.961
2433 957.059
2434 957.078
2435 957.137
2436 957.235
2437 957.255
2438 957.275
2439 957.275
2440 957.314
2441 957.333
2442 957.412
2443 957.471
2444 957.529
2445 957.569
2446 957.588
2447 957.627
2448 957.706
2449 957.765
2450 957.824
2451 957.863
2452 957.863
2453 957.882
2454 957.902
2455 957.961
2456 958.02
2457 958.059
2458 958.098
2459 958.137
2460 958.176
2461 958.235
2462 958.275
2463 958.275
2464 958.353
2465 958.353
2466 958.431
2467 958.471
2468 958.51
2469 958.549
2470 958.608
2471 958.647
2472 958.686
2473 958.706
2474 958.745
2475 958.765
2476 958.843
2477 958.882
2478 958.902
2479 958.941
2480 958.941
2481 958.961
2482 959.02
2483 959.039
2484 959.039
2485 959.078
2486 959.118
2487 959.137
2488 959.176
2489 959.196
2490 959.235
2491 959.294
2492 959.314
2493 959.353
2494 959.353
2495 959.373
2496 959.431
2497 959.471
2498 959.549
2499 959.588
2500 959.608
2501 959.706
2502 959.784
2503 959.843
2504 959.843
2505 959.843
2506 959.882
2507 959.98
2508 960
2509 960.039
2510 960.078
2511 960.078
2512 960.157
2513 960.216
2514 960.294
2515 960.314
2516 960.353
2517 960.373
2518 960.431
2519 960.471
2520 960.49
2521 960.549
2522 960.647
2523 960.745
2524 960.745
2525 960.784
2526 960.824
2527 960.902
2528 960.941
2529 960.941
2530 960.98
2531 960.98
2532 961
2533 961.059
2534 961.176
2535 961.196
2536 961.235
2537 961.275
2538 961.275
2539 961.353
2540 961.373
2541 961.412
2542 961.431
2543 961.49
2544 961.569
2545 961.569
2546 961.627
2547 961.647
2548 961.686
2549 961.706
2550 961.745
2551 961.804
2552 961.843
2553 961.863
2554 961.922
2555 961.98
2556 961.98
2557 962.039
2558 962.059
2559 962.098
2560 962.118
2561 962.137
2562 962.137
2563 962.196
2564 962.235
2565 962.275
2566 962.333
2567 962.373
2568 962.451
2569 962.471
2570 962.549
2571 962.627
2572 962.667
2573 962.686
2574 962.725
2575 962.725
2576 962.745
2577 962.804
2578 962.804
2579 962.882
2580 962.941
2581 963
2582 963
2583 963.02
2584 963.02
2585 963.059
2586 963.078
2587 963.098
2588 963.118
2589 963.157
2590 963.196
2591 963.216
2592 963.255
2593 963.275
2594 963.353
2595 963.412
2596 963.431
2597 963.431
2598 963.471
2599 963.49
2600 963.51
2601 963.608
2602 963.647
2603 963.667
2604 963.706
2605 963.725
2606 963.765
2607 963.804
2608 963.843
2609 963.882
2610 963.882
2611 963.902
2612 963.98
2613 964.02
2614 964.078
2615 964.157
2616 964.255
2617 964.255
2618 964.294
2619 964.392
2620 964.451
2621 964.49
2622 964.51
2623 964.569
2624 964.588
2625 964.588
2626 964.608
2627 964.608
2628 964.608
2629 964.647
2630 964.667
2631 964.725
2632 964.784
2633 964.784
2634 964.824
2635 964.843
2636 964.863
2637 964.902
2638 964.902
2639 964.922
2640 964.961
2641 965
2642 965.039
2643 965.078
2644 965.118
2645 965.157
2646 965.176
2647 965.235
2648 965.275
2649 965.294
2650 965.333
2651 965.373
2652 965.373
2653 965.412
2654 965.431
2655 965.451
2656 965.451
2657 965.49
2658 965.529
2659 965.549
2660 965.549
2661 965.569
2662 965.647
2663 965.706
2664 965.725
2665 965.725
2666 965.765
2667 965.804
2668 965.863
2669 965.902
2670 965.961
2671 965.98
2672 966
2673 966.02
2674 966.039
2675 966.059
2676 966.118
2677 966.157
2678 966.216
2679 966.255
2680 966.255
2681 966.294
2682 966.353
2683 966.373
2684 966.412
2685 966.471
2686 966.471
2687 966.529
2688 966.569
2689 966.588
2690 966.588
2691 966.627
2692 966.686
2693 966.686
2694 966.745
2695 966.824
2696 966.941
2697 966.961
2698 966.98
2699 967
2700 967
2701 967.059
2702 967.078
2703 967.137
2704 967.157
2705 967.157
2706 967.196
2707 967.216
2708 967.255
2709 967.333
2710 967.353
2711 967.373
2712 967.412
2713 967.51
2714 967.529
2715 967.549
2716 967.569
2717 967.608
2718 967.627
2719 967.686
2720 967.725
2721 967.745
2722 967.804
2723 967.804
2724 967.824
2725 967.902
2726 967.941
2727 967.961
2728 968
2729 968.059
2730 968.078
2731 968.157
2732 968.176
2733 968.255
2734 968.294
2735 968.294
2736 968.314
2737 968.373
2738 968.392
2739 968.431
2740 968.49
2741 968.51
2742 968.529
2743 968.549
2744 968.588
2745 968.627
2746 968.667
2747 968.706
2748 968.706
2749 968.765
2750 968.784
2751 968.824
2752 968.824
2753 968.863
2754 968.902
2755 968.941
2756 968.961
2757 968.98
2758 969
2759 969.039
2760 969.078
2761 969.098
2762 969.118
2763 969.157
2764 969.196
2765 969.235
2766 969.275
2767 969.314
2768 969.353
2769 969.412
2770 969.431
2771 969.431
2772 969.471
2773 969.51
2774 969.51
2775 969.529
2776 969.549
2777 969.569
2778 969.588
2779 969.627
2780 969.667
2781 969.745
2782 969.784
2783 969.824
2784 969.843
2785 969.843
2786 969.863
2787 969.902
2788 969.941
2789 969.961
2790 969.98
2791 970.02
2792 970.059
2793 970.098
2794 970.118
2795 970.137
2796 970.137
2797 970.137
2798 970.176
2799 970.196
2800 970.216
2801 970.216
2802 970.255
2803 970.294
2804 970.314
2805 970.353
2806 970.353
2807 970.353
2808 970.373
2809 970.392
2810 970.451
2811 970.451
2812 970.49
2813 970.49
2814 970.51
2815 970.569
2816 970.627
2817 970.647
2818 970.667
2819 970.725
2820 970.745
2821 970.804
2822 970.824
2823 970.843
2824 970.863
2825 970.882
2826 970.902
2827 970.902
2828 970.941
2829 970.98
2830 970.98
2831 971
2832 971.039
2833 971.078
2834 971.137
2835 971.176
2836 971.235
2837 971.255
2838 971.275
2839 971.294
2840 971.314
2841 971.333
2842 971.373
2843 971.431
2844 971.431
2845 971.49
2846 971.51
2847 971.549
2848 971.569
2849 971.608
2850 971.627
2851 971.647
2852 971.686
2853 971.686
2854 971.725
2855 971.804
2856 971.863
2857 971.902
2858 971.941
2859 971.941
2860 971.941
2861 971.961
2862 972
2863 972.02
2864 972.118
2865 972.157
2866 972.157
2867 972.157
2868 972.196
2869 972.216
2870 972.275
2871 972.294
2872 972.314
2873 972.333
2874 972.353
2875 972.373
2876 972.373
2877 972.373
2878 972.373
2879 972.392
2880 972.431
2881 972.451
2882 972.51
2883 972.569
2884 972.608
2885 972.627
2886 972.627
2887 972.686
2888 972.725
2889 972.765
2890 972.784
2891 972.784
2892 972.804
2893 972.824
2894 972.863
2895 972.902
2896 972.922
2897 972.941
2898 972.941
2899 972.941
2900 972.98
2901 973
2902 973.02
2903 973.078
2904 973.118
2905 973.196
2906 973.235
2907 973.235
2908 973.235
2909 973.255
2910 973.333
2911 973.373
2912 973.412
2913 973.412
2914 973.451
2915 973.49
2916 973.49
2917 973.529
2918 973.549
2919 973.549
2920 973.569
2921 973.627
2922 973.667
2923 973.667
2924 973.725
2925 973.765
2926 973.804
2927 973.804
2928 973.863
2929 973.902
2930 973.941
2931 973.98
2932 973.98
2933 974
2934 974
2935 974.078
2936 974.098
2937 974.176
2938 974.176
2939 974.196
2940 974.235
2941 974.275
2942 974.275
2943 974.275
2944 974.314
2945 974.353
2946 974.353
2947 974.353
2948 974.431
2949 974.431
2950 974.451
2951 974.471
2952 974.49
2953 974.529
2954 974.549
2955 974.569
2956 974.608
2957 974.647
2958 974.667
2959 974.686
2960 974.745
2961 974.784
2962 974.824
2963 974.843
2964 974.863
2965 974.882
2966 974.902
2967 974.941
2968 974.961
2969 974.961
2970 974.961
2971 975.02
2972 975.02
2973 975.02
2974 975.02
2975 975.02
2976 975.059
2977 975.098
2978 975.098
2979 975.137
2980 975.196
2981 975.216
2982 975.255
2983 975.255
2984 975.275
2985 975.294
2986 975.314
2987 975.353
2988 975.431
2989 975.451
2990 975.471
2991 975.51
2992 975.569
2993 975.608
2994 975.627
2995 975.667
2996 975.706
2997 975.725
2998 975.745
2999 975.784
3000 975.824
3001 975.824
3002 975.863
3003 975.863
3004 975.902
3005 975.902
3006 975.941
3007 975.941
3008 975.941
3009 975.961
3010 976
3011 976.059
3012 976.059
3013 976.059
3014 976.078
3015 976.098
3016 976.157
3017 976.216
3018 976.216
3019 976.255
3020 976.275
3021 976.275
3022 976.275
3023 976.275
3024 976.333
3025 976.373
3026 976.412
3027 976.412
3028 976.451
3029 976.51
3030 976.549
3031 976.569
3032 976.608
3033 976.647
3034 976.686
3035 976.706
3036 976.725
3037 976.725
3038 976.725
3039 976.765
3040 976.843
3041 976.863
3042 976.922
3043 976.941
3044 976.961
3045 976.98
3046 977
3047 977
3048 977.02
3049 977.02
3050 977.078
3051 977.098
3052 977.137
3053 977.137
3054 977.157
3055 977.157
3056 977.176
3057 977.196
3058 977.255
3059 977.275
3060 977.294
3061 977.294
3062 977.333
3063 977.333
3064 977.373
3065 977.392
3066 977.412
3067 977.412
3068 977.431
3069 977.471
3070 977.49
3071 977.529
3072 977.529
3073 977.569
3074 977.569
3075 977.569
3076 977.627
3077 977.686
3078 977.686
3079 977.686
3080 977.725
3081 977.745
3082 977.745
3083 977.784
3084 977.843
3085 977.882
3086 977.922
3087 977.941
3088 977.961
3089 977.961
3090 978
3091 978
3092 978.02
3093 978.02
3094 978.039
3095 978.039
3096 978.078
3097 978.118
3098 978.137
3099 978.196
3100 978.235
3101 978.275
3102 978.314
3103 978.353
3104 978.373
3105 978.412
3106 978.451
3107 978.51
3108 978.51
3109 978.529
3110 978.529
3111 978.549
3112 978.569
3113 978.588
3114 978.608
3115 978.608
3116 978.627
3117 978.647
3118 978.647
3119 978.647
3120 978.667
3121 978.686
3122 978.765
3123 978.784
3124 978.784
3125 978.804
3126 978.882
3127 978.902
3128 978.941
3129 978.98
3130 979.02
3131 979.039
3132 979.059
3133 979.078
3134 979.078
3135 979.098
3136 979.137
3137 979.157
3138 979.157
3139 979.157
3140 979.176
3141 979.196
3142 979.196
3143 979.216
3144 979.235
3145 979.235
3146 979.235
3147 979.275
3148 979.275
3149 979.314
3150 979.353
3151 979.373
3152 979.392
3153 979.412
3154 979.431
3155 979.471
3156 979.51
3157 979.529
3158 979.549
3159 979.588
3160 979.627
3161 979.627
3162 979.647
3163 979.667
3164 979.686
3165 979.686
3166 979.686
3167 979.706
3168 979.725
3169 979.745
3170 979.784
3171 979.784
3172 979.824
3173 979.824
3174 979.843
3175 979.863
3176 979.922
3177 979.961
3178 979.98
3179 980.02
3180 980.039
3181 980.098
3182 980.098
3183 980.098
3184 980.157
3185 980.176
3186 980.196
3187 980.255
3188 980.275
3189 980.294
3190 980.294
3191 980.294
3192 980.294
3193 980.294
3194 980.294
3195 980.294
3196 980.333
3197 980.373
3198 980.373
3199 980.392
3200 980.431
3201 980.431
3202 980.451
3203 980.51
3204 980.51
3205 980.569
3206 980.608
3207 980.627
3208 980.667
3209 980.667
3210 980.667
3211 980.686
3212 980.745
3213 980.745
3214 980.765
3215 980.784
3216 980.804
3217 980.824
3218 980.824
3219 980.843
3220 980.882
3221 980.902
3222 980.941
3223 980.98
3224 980.98
3225 980.98
3226 981
3227 981
3228 981.02
3229 981.039
3230 981.078
3231 981.098
3232 981.137
3233 981.137
3234 981.157
3235 981.196
3236 981.196
3237 981.196
3238 981.216
3239 981.235
3240 981.275
3241 981.294
3242 981.314
3243 981.353
3244 981.373
3245 981.412
3246 981.431
3247 981.431
3248 981.451
3249 981.471
3250 981.49
3251 981.529
3252 981.549
3253 981.569
3254 981.569
3255 981.588
3256 981.588
3257 981.608
3258 981.608
3259 981.627
3260 981.647
3261 981.667
3262 981.686
3263 981.686
3264 981.686
3265 981.686
3266 981.706
3267 981.784
3268 981.784
3269 981.804
3270 981.804
3271 981.882
3272 981.902
3273 981.941
3274 981.941
3275 981.961
3276 981.961
3277 981.961
3278 981.98
3279 982.039
3280 982.059
3281 982.078
3282 982.118
3283 982.157
3284 982.157
3285 982.157
3286 982.176
3287 982.176
3288 982.196
3289 982.216
3290 982.275
3291 982.275
3292 982.275
3293 982.275
3294 982.353
3295 982.353
3296 982.373
3297 982.392
3298 982.431
3299 982.451
3300 982.471
3301 982.49
3302 982.51
3303 982.549
3304 982.549
3305 982.588
3306 982.608
3307 982.647
3308 982.647
3309 982.667
3310 982.667
3311 982.686
3312 982.686
3313 982.725
3314 982.745
3315 982.843
3316 982.863
3317 982.882
3318 982.882
3319 982.882
3320 982.882
3321 982.902
3322 982.922
3323 982.922
3324 982.922
3325 982.941
3326 982.941
3327 982.961
3328 982.961
3329 983
3330 983.02
3331 983.039
3332 983.039
3333 983.059
3334 983.078
3335 983.078
3336 983.098
3337 983.098
3338 983.118
3339 983.137
3340 983.176
3341 983.216
3342 983.235
3343 983.255
3344 983.275
3345 983.314
3346 983.333
3347 983.353
3348 983.373
3349 983.412
3350 983.412
3351 983.431
3352 983.471
3353 983.49
3354 983.529
3355 983.549
3356 983.549
3357 983.549
3358 983.569
3359 983.569
3360 983.569
3361 983.588
3362 983.647
3363 983.647
3364 983.647
3365 983.647
3366 983.667
3367 983.667
3368 983.686
3369 983.706
3370 983.725
3371 983.725
3372 983.745
3373 983.784
3374 983.824
3375 983.843
3376 983.863
3377 983.882
3378 983.882
3379 983.882
3380 983.902
3381 983.902
3382 983.902
3383 983.902
3384 983.922
3385 983.922
3386 983.941
3387 983.98
3388 984.039
3389 984.039
3390 984.039
3391 984.039
3392 984.039
3393 984.157
3394 984.196
3395 984.196
3396 984.196
3397 984.216
3398 984.255
3399 984.294
3400 984.294
3401 984.314
3402 984.314
3403 984.333
3404 984.353
3405 984.353
3406 984.353
3407 984.392
3408 984.392
3409 984.412
3410 984.412
3411 984.451
3412 984.451
3413 984.451
3414 984.49
3415 984.49
3416 984.51
3417 984.51
3418 984.529
3419 984.529
3420 984.549
3421 984.569
3422 984.569
3423 984.569
3424 984.588
3425 984.608
3426 984.608
3427 984.647
3428 984.647
3429 984.647
3430 984.686
3431 984.706
3432 984.725
3433 984.745
3434 984.765
3435 984.765
3436 984.784
3437 984.824
3438 984.824
3439 984.863
3440 984.882
3441 984.882
3442 984.882
3443 984.902
3444 984.922
3445 984.922
3446 984.922
3447 984.941
3448 984.98
3449 985
3450 985.039
3451 985.059
3452 985.059
3453 985.098
3454 985.118
3455 985.118
3456 985.157
3457 985.176
3458 985.196
3459 985.235
3460 985.275
3461 985.275
3462 985.275
3463 985.294
3464 985.314
3465 985.314
3466 985.353
3467 985.373
3468 985.392
3469 985.392
3470 985.412
3471 985.431
3472 985.431
3473 985.451
3474 985.471
3475 985.49
3476 985.51
3477 985.51
3478 985.51
3479 985.529
3480 985.569
3481 985.588
3482 985.588
3483 985.608
3484 985.608
3485 985.627
3486 985.627
3487 985.627
3488 985.647
3489 985.667
3490 985.667
3491 985.706
3492 985.745
3493 985.765
3494 985.765
3495 985.784
3496 985.804
3497 985.843
3498 985.843
3499 985.843
3500 985.882
3501 985.902
3502 985.902
3503 985.902
3504 985.922
3505 985.922
3506 985.941
3507 985.961
3508 985.961
3509 985.961
3510 985.961
3511 985.98
3512 985.98
3513 985.98
3514 985.98
3515 985.98
3516 985.98
3517 985.98
3518 985.98
3519 986.02
3520 986.02
3521 986.02
3522 986.02
3523 986.02
3524 986.059
3525 986.118
3526 986.118
3527 986.118
3528 986.137
3529 986.157
3530 986.176
3531 986.196
3532 986.235
3533 986.255
3534 986.294
3535 986.333
3536 986.333
3537 986.333
3538 986.373
3539 986.392
3540 986.392
3541 986.392
3542 986.392
3543 986.392
3544 986.392
3545 986.392
3546 986.392
3547 986.431
3548 986.431
3549 986.451
3550 986.471
3551 986.49
3552 986.49
3553 986.529
3554 986.549
3555 986.569
3556 986.569
3557 986.569
3558 986.569
3559 986.569
3560 986.569
3561 986.588
3562 986.588
3563 986.608
3564 986.627
3565 986.627
3566 986.647
3567 986.647
3568 986.647
3569 986.667
3570 986.667
3571 986.667
3572 986.706
3573 986.706
3574 986.725
3575 986.725
3576 986.725
3577 986.725
3578 986.745
3579 986.745
3580 986.745
3581 986.745
3582 986.765
3583 986.765
3584 986.784
3585 986.804
3586 986.824
3587 986.824
3588 986.843
3589 986.843
3590 986.843
3591 986.843
3592 986.843
3593 986.882
3594 986.882
3595 986.902
3596 986.922
3597 986.922
3598 986.922
3599 986.922
3600 986.922
3601 986.941
3602 986.961
3603 986.961
3604 986.961
3605 986.961
3606 986.961
3607 986.98
3608 987.02
3609 987.039
3610 987.039
3611 987.039
3612 987.039
3613 987.059
3614 987.078
3615 987.137
3616 987.157
3617 987.176
3618 987.176
3619 987.176
3620 987.196
3621 987.196
3622 987.216
3623 987.255
3624 987.275
3625 987.294
3626 987.333
3627 987.333
3628 987.333
3629 987.333
3630 987.353
3631 987.353
3632 987.353
3633 987.353
3634 987.353
3635 987.353
3636 987.353
3637 987.373
3638 987.392
3639 987.392
3640 987.412
3641 987.412
3642 987.412
3643 987.431
3644 987.451
3645 987.49
3646 987.529
3647 987.529
3648 987.549
3649 987.549
3650 987.608
3651 987.627
3652 987.627
3653 987.647
3654 987.667
3655 987.667
3656 987.706
3657 987.706
3658 987.706
3659 987.745
3660 987.745
3661 987.745
3662 987.765
3663 987.804
3664 987.824
3665 987.863
3666 987.863
3667 987.863
3668 987.863
3669 987.863
3670 987.902
3671 987.922
3672 987.941
3673 987.961
3674 987.961
3675 987.961
3676 987.98
3677 987.98
3678 988
3679 988.02
3680 988.039
3681 988.039
3682 988.059
3683 988.098
3684 988.098
3685 988.157
3686 988.176
3687 988.216
3688 988.235
3689 988.235
3690 988.255
3691 988.275
3692 988.275
3693 988.275
3694 988.294
3695 988.294
3696 988.294
3697 988.314
3698 988.314
3699 988.333
3700 988.412
3701 988.431
3702 988.431
3703 988.471
3704 988.471
3705 988.51
3706 988.529
3707 988.529
3708 988.529
3709 988.549
3710 988.569
3711 988.569
3712 988.608
3713 988.608
3714 988.647
3715 988.647
3716 988.647
3717 988.647
3718 988.647
3719 988.667
3720 988.667
3721 988.667
3722 988.706
3723 988.725
3724 988.745
3725 988.765
3726 988.765
3727 988.765
3728 988.765
3729 988.784
3730 988.784
3731 988.784
3732 988.804
3733 988.804
3734 988.804
3735 988.804
3736 988.824
3737 988.824
3738 988.843
3739 988.843
3740 988.863
3741 988.882
3742 988.902
3743 988.902
3744 988.902
3745 988.902
3746 988.941
3747 988.941
3748 988.941
3749 988.961
3750 988.961
3751 989
3752 989.02
3753 989.02
3754 989.02
3755 989.02
3756 989.02
3757 989.02
3758 989.059
3759 989.078
3760 989.078
3761 989.118
3762 989.118
3763 989.118
3764 989.118
3765 989.118
3766 989.137
3767 989.137
3768 989.137
3769 989.157
3770 989.157
3771 989.157
3772 989.176
3773 989.176
3774 989.176
3775 989.176
3776 989.196
3777 989.196
3778 989.196
3779 989.216
3780 989.235
3781 989.235
3782 989.275
3783 989.294
3784 989.333
3785 989.353
3786 989.353
3787 989.373
3788 989.412
3789 989.412
3790 989.412
3791 989.412
3792 989.431
3793 989.431
3794 989.431
3795 989.431
3796 989.431
3797 989.451
3798 989.49
3799 989.49
3800 989.51
3801 989.529
3802 989.529
3803 989.529
3804 989.549
3805 989.588
3806 989.627
3807 989.647
3808 989.686
3809 989.686
3810 989.706
3811 989.706
3812 989.725
3813 989.725
3814 989.725
3815 989.725
3816 989.725
3817 989.725
3818 989.725
3819 989.725
3820 989.725
3821 989.725
3822 989.725
3823 989.725
3824 989.725
3825 989.725
3826 989.745
3827 989.745
3828 989.765
3829 989.804
3830 989.843
3831 989.863
3832 989.882
3833 989.902
3834 989.902
3835 989.902
3836 989.902
3837 989.922
3838 989.941
3839 989.941
3840 989.941
3841 989.941
3842 989.961
3843 989.961
3844 989.98
3845 989.98
3846 989.98
3847 990
3848 990
3849 990
3850 990
3851 990
3852 990.02
3853 990.02
3854 990.02
3855 990.02
3856 990.039
3857 990.039
3858 990.039
3859 990.059
3860 990.059
3861 990.059
3862 990.078
3863 990.078
3864 990.078
3865 990.078
3866 990.078
3867 990.078
3868 990.098
3869 990.098
3870 990.118
3871 990.118
3872 990.118
3873 990.118
3874 990.118
3875 990.118
3876 990.157
3877 990.157
3878 990.157
3879 990.176
3880 990.176
3881 990.216
3882 990.235
3883 990.255
3884 990.275
3885 990.294
3886 990.333
3887 990.353
3888 990.353
3889 990.353
3890 990.373
3891 990.392
3892 990.392
3893 990.392
3894 990.412
3895 990.431
3896 990.431
3897 990.451
3898 990.471
3899 990.49
3900 990.49
3901 990.49
3902 990.51
3903 990.51
3904 990.529
3905 990.529
3906 990.569
3907 990.608
3908 990.647
3909 990.686
3910 990.706
3911 990.725
3912 990.725
3913 990.725
3914 990.725
3915 990.725
3916 990.725
3917 990.745
3918 990.784
3919 990.784
3920 990.824
3921 990.843
3922 990.843
3923 990.843
3924 990.843
3925 990.843
3926 990.843
3927 990.863
3928 990.863
3929 990.863
3930 990.882
3931 990.882
3932 990.882
3933 990.882
3934 990.882
3935 990.882
3936 990.902
3937 990.922
3938 990.922
3939 990.941
3940 990.941
3941 990.941
3942 990.941
3943 990.941
3944 990.961
3945 990.961
3946 990.961
3947 991
3948 991
3949 991
3950 991
3951 991
3952 991
3953 991
3954 991.02
3955 991.039
3956 991.039
3957 991.039
3958 991.078
3959 991.078
3960 991.078
3961 991.098
3962 991.098
3963 991.118
3964 991.137
3965 991.137
3966 991.137
3967 991.137
3968 991.137
3969 991.137
3970 991.137
3971 991.137
3972 991.137
3973 991.137
3974 991.137
3975 991.157
3976 991.157
3977 991.157
3978 991.157
3979 991.157
3980 991.176
3981 991.176
3982 991.176
3983 991.176
3984 991.176
3985 991.176
3986 991.196
3987 991.196
3988 991.235
3989 991.255
3990 991.275
3991 991.294
3992 991.294
3993 991.294
3994 991.314
3995 991.314
3996 991.314
3997 991.333
3998 991.353
3999 991.353
4000 991.353
4001 991.353
4002 991.373
4003 991.373
4004 991.373
4005 991.412
4006 991.431
4007 991.431
4008 991.431
4009 991.431
4010 991.431
4011 991.471
4012 991.49
4013 991.51
4014 991.51
4015 991.51
4016 991.549
4017 991.549
4018 991.569
4019 991.588
4020 991.608
4021 991.608
4022 991.608
4023 991.627
4024 991.627
4025 991.627
4026 991.627
4027 991.647
4028 991.647
4029 991.647
4030 991.667
4031 991.667
4032 991.667
4033 991.667
4034 991.667
4035 991.686
4036 991.686
4037 991.706
4038 991.706
4039 991.725
4040 991.725
4041 991.745
4042 991.745
4043 991.745
4044 991.765
4045 991.765
4046 991.765
4047 991.804
4048 991.843
4049 991.843
4050 991.843
4051 991.843
4052 991.843
4053 991.843
4054 991.843
4055 991.843
4056 991.843
4057 991.863
4058 991.882
4059 991.902
4060 991.902
4061 991.902
4062 991.922
4063 991.941
4064 991.941
4065 991.961
4066 991.961
4067 991.961
4068 991.98
4069 991.98
4070 992
4071 992
4072 992.02
4073 992.039
4074 992.078
4075 992.098
4076 992.098
4077 992.098
4078 992.098
4079 992.118
4080 992.118
4081 992.137
4082 992.157
4083 992.196
4084 992.196
4085 992.196
4086 992.196
4087 992.196
4088 992.255
4089 992.275
4090 992.294
4091 992.314
4092 992.314
4093 992.333
4094 992.353
4095 992.353
4096 992.353
4097 992.353
4098 992.353
4099 992.353
4100 992.392
4101 992.392
4102 992.392
4103 992.392
4104 992.392
4105 992.392
4106 992.431
4107 992.431
4108 992.451
4109 992.451
4110 992.471
4111 992.49
4112 992.51
4113 992.51
4114 992.529
4115 992.549
4116 992.549
4117 992.569
4118 992.569
4119 992.608
4120 992.608
4121 992.608
4122 992.627
4123 992.647
4124 992.667
4125 992.686
4126 992.706
4127 992.706
4128 992.706
4129 992.725
4130 992.725
4131 992.725
4132 992.745
4133 992.784
4134 992.784
4135 992.784
4136 992.784
4137 992.804
4138 992.843
4139 992.843
4140 992.843
4141 992.843
4142 992.863
4143 992.863
4144 992.882
4145 992.882
4146 992.882
4147 992.882
4148 992.882
4149 992.922
4150 992.922
4151 992.922
4152 992.922
4153 992.922
4154 992.961
4155 992.961
4156 992.961
4157 992.961
4158 992.961
4159 992.961
4160 992.961
4161 992.98
4162 993.039
4163 993.039
4164 993.039
4165 993.059
4166 993.059
4167 993.059
4168 993.078
4169 993.078
4170 993.078
4171 993.078
4172 993.078
4173 993.078
4174 993.098
4175 993.098
4176 993.137
4177 993.137
4178 993.137
4179 993.137
4180 993.137
4181 993.157
4182 993.157
4183 993.157
4184 993.157
4185 993.176
4186 993.196
4187 993.196
4188 993.196
4189 993.196
4190 993.216
4191 993.216
4192 993.216
4193 993.216
4194 993.216
4195 993.255
4196 993.255
4197 993.255
4198 993.255
4199 993.294
4200 993.294
4201 993.294
4202 993.294
4203 993.294
4204 993.333
4205 993.333
4206 993.333
4207 993.333
4208 993.353
4209 993.353
4210 993.353
4211 993.353
4212 993.373
4213 993.373
4214 993.373
4215 993.373
4216 993.412
4217 993.431
4218 993.451
4219 993.471
4220 993.471
4221 993.471
4222 993.471
4223 993.471
4224 993.471
4225 993.49
4226 993.49
4227 993.529
4228 993.529
4229 993.529
4230 993.529
4231 993.529
4232 993.549
4233 993.588
4234 993.627
4235 993.647
4236 993.667
4237 993.667
4238 993.667
4239 993.706
4240 993.706
4241 993.706
4242 993.706
4243 993.706
4244 993.706
4245 993.725
4246 993.725
4247 993.725
4248 993.725
4249 993.725
4250 993.745
4251 993.745
4252 993.745
4253 993.745
4254 993.765
4255 993.784
4256 993.784
4257 993.824
4258 993.824
4259 993.824
4260 993.824
4261 993.843
4262 993.863
4263 993.863
4264 993.863
4265 993.863
4266 993.863
4267 993.882
4268 993.902
4269 993.922
4270 993.941
4271 993.941
4272 993.941
4273 993.941
4274 993.961
4275 993.961
4276 993.961
4277 993.961
4278 993.961
4279 993.961
4280 993.98
4281 993.98
4282 994
4283 994
4284 994
4285 994
4286 994
4287 994.02
4288 994.039
4289 994.039
4290 994.039
4291 994.039
4292 994.039
4293 994.059
4294 994.059
4295 994.059
4296 994.059
4297 994.078
4298 994.078
4299 994.098
4300 994.098
4301 994.098
4302 994.098
4303 994.098
4304 994.137
4305 994.157
4306 994.157
4307 994.157
4308 994.157
4309 994.157
4310 994.157
4311 994.176
4312 994.176
4313 994.176
4314 994.176
4315 994.176
4316 994.196
4317 994.196
4318 994.196
4319 994.235
4320 994.235
4321 994.235
4322 994.255
4323 994.255
4324 994.255
4325 994.255
4326 994.255
4327 994.255
4328 994.275
4329 994.275
4330 994.275
4331 994.275
4332 994.294
4333 994.294
4334 994.314
4335 994.314
4336 994.333
4337 994.333
4338 994.333
4339 994.333
4340 994.353
4341 994.353
4342 994.353
4343 994.353
4344 994.353
4345 994.373
4346 994.373
4347 994.373
4348 994.373
4349 994.373
4350 994.373
4351 994.373
4352 994.373
4353 994.373
4354 994.392
4355 994.412
4356 994.412
4357 994.431
4358 994.431
4359 994.451
4360 994.451
4361 994.451
4362 994.471
4363 994.49
4364 994.49
4365 994.49
4366 994.49
4367 994.51
4368 994.51
4369 994.51
4370 994.51
4371 994.51
4372 994.51
4373 994.529
4374 994.529
4375 994.529
4376 994.529
4377 994.549
4378 994.549
4379 994.549
4380 994.549
4381 994.549
4382 994.588
4383 994.627
4384 994.627
4385 994.627
4386 994.627
4387 994.627
4388 994.627
4389 994.627
4390 994.627
4391 994.627
4392 994.627
4393 994.627
4394 994.627
4395 994.627
4396 994.647
4397 994.667
4398 994.667
4399 994.667
4400 994.667
4401 994.686
4402 994.706
4403 994.706
4404 994.706
4405 994.706
4406 994.706
4407 994.706
4408 994.725
4409 994.725
4410 994.725
4411 994.725
4412 994.725
4413 994.725
4414 994.765
4415 994.765
4416 994.765
4417 994.765
4418 994.765
4419 994.765
4420 994.765
4421 994.765
4422 994.765
4423 994.765
4424 994.765
4425 994.784
4426 994.784
4427 994.804
4428 994.804
4429 994.824
4430 994.824
4431 994.824
4432 994.824
4433 994.824
4434 994.824
4435 994.824
4436 994.824
4437 994.824
4438 994.824
4439 994.824
4440 994.863
4441 994.863
4442 994.863
4443 994.863
4444 994.902
4445 994.902
4446 994.902
4447 994.922
4448 994.922
4449 994.941
4450 994.941
4451 994.941
4452 994.941
4453 994.941
4454 994.941
4455 994.941
4456 994.961
4457 994.961
4458 995
4459 995.02
4460 995.02
4461 995.059
4462 995.059
4463 995.059
4464 995.059
4465 995.078
4466 995.098
4467 995.098
4468 995.118
4469 995.118
4470 995.118
4471 995.118
4472 995.137
4473 995.137
4474 995.157
4475 995.157
4476 995.157
4477 995.176
4478 995.216
4479 995.216
4480 995.216
4481 995.235
4482 995.235
4483 995.255
4484 995.255
4485 995.275
4486 995.294
4487 995.333
4488 995.333
4489 995.353
4490 995.353
4491 995.353
4492 995.353
4493 995.353
4494 995.353
4495 995.353
4496 995.353
4497 995.353
4498 995.353
4499 995.353
4500 995.353
4501 995.353
4502 995.353
4503 995.392
4504 995.392
4505 995.392
4506 995.431
4507 995.471
4508 995.471
4509 995.471
4510 995.49
4511 995.49
4512 995.49
4513 995.51
4514 995.51
4515 995.51
4516 995.549
4517 995.549
4518 995.549
4519 995.549
4520 995.549
4521 995.549
4522 995.549
4523 995.569
4524 995.569
4525 995.569
4526 995.569
4527 995.569
4528 995.569
4529 995.569
4530 995.569
4531 995.569
4532 995.569
4533 995.569
4534 995.569
4535 995.588
4536 995.588
4537 995.588
4538 995.588
4539 995.588
4540 995.588
4541 995.608
4542 995.608
4543 995.608
4544 995.608
4545 995.608
4546 995.608
4547 995.608
4548 995.608
4549 995.608
4550 995.608
4551 995.647
4552 995.667
4553 995.667
4554 995.667
4555 995.667
4556 995.667
4557 995.667
4558 995.686
4559 995.686
4560 995.686
4561 995.686
4562 995.686
4563 995.686
4564 995.686
4565 995.686
4566 995.686
4567 995.686
4568 995.686
4569 995.686
4570 995.706
4571 995.725
4572 995.725
4573 995.725
4574 995.725
4575 995.745
4576 995.745
4577 995.745
4578 995.745
4579 995.765
4580 995.765
4581 995.765
4582 995.765
4583 995.765
4584 995.765
4585 995.765
4586 995.765
4587 995.765
4588 995.765
4589 995.765
4590 995.765
4591 995.784
4592 995.784
4593 995.804
4594 995.804
4595 995.804
4596 995.804
4597 995.804
4598 995.804
4599 995.804
4600 995.804
4601 995.804
4602 995.804
4603 995.804
4604 995.804
4605 995.804
4606 995.804
4607 995.804
4608 995.804
4609 995.804
4610 995.824
4611 995.824
4612 995.824
4613 995.824
4614 995.824
4615 995.824
4616 995.824
4617 995.824
4618 995.824
4619 995.843
4620 995.843
4621 995.843
4622 995.843
4623 995.843
4624 995.863
4625 995.863
4626 995.863
4627 995.863
4628 995.863
4629 995.882
4630 995.882
4631 995.882
4632 995.882
4633 995.902
4634 995.902
4635 995.902
4636 995.922
4637 995.922
4638 995.922
4639 995.941
4640 995.941
4641 995.961
4642 995.961
4643 995.961
4644 995.961
4645 995.961
4646 995.961
4647 995.961
4648 995.961
4649 995.961
4650 995.961
4651 995.961
4652 995.961
4653 995.961
4654 995.961
4655 995.961
4656 995.961
4657 995.961
4658 995.961
4659 995.961
4660 995.961
4661 995.961
4662 995.98
4663 996.02
4664 996.02
4665 996.039
4666 996.039
4667 996.039
4668 996.039
4669 996.039
4670 996.039
4671 996.039
4672 996.039
4673 996.039
4674 996.039
4675 996.059
4676 996.059
4677 996.059
4678 996.059
4679 996.059
4680 996.059
4681 996.059
4682 996.059
4683 996.059
4684 996.059
4685 996.059
4686 996.059
4687 996.059
4688 996.078
4689 996.098
4690 996.098
4691 996.118
4692 996.137
4693 996.137
4694 996.137
4695 996.137
4696 996.137
4697 996.137
4698 996.137
4699 996.137
4700 996.137
4701 996.157
4702 996.176
4703 996.176
4704 996.176
4705 996.176
4706 996.176
4707 996.176
4708 996.176
4709 996.196
4710 996.196
4711 996.196
4712 996.196
4713 996.196
4714 996.196
4715 996.216
4716 996.216
4717 996.216
4718 996.216
4719 996.216
4720 996.216
4721 996.216
4722 996.216
4723 996.235
4724 996.235
4725 996.235
4726 996.235
4727 996.235
4728 996.235
4729 996.235
4730 996.235
4731 996.235
4732 996.255
4733 996.255
4734 996.255
4735 996.255
4736 996.275
4737 996.275
4738 996.275
4739 996.294
4740 996.314
4741 996.314
4742 996.333
4743 996.333
4744 996.333
4745 996.333
4746 996.333
4747 996.333
4748 996.333
4749 996.333
4750 996.333
4751 996.333
4752 996.333
4753 996.333
4754 996.333
4755 996.333
4756 996.333
4757 996.333
4758 996.333
4759 996.333
4760 996.333
4761 996.333
4762 996.353
4763 996.373
4764 996.373
4765 996.373
4766 996.373
4767 996.373
4768 996.373
4769 996.373
4770 996.373
4771 996.373
4772 996.373
4773 996.373
4774 996.373
4775 996.373
4776 996.373
4777 996.373
4778 996.373
4779 996.373
4780 996.373
4781 996.373
4782 996.412
4783 996.431
4784 996.431
4785 996.431
4786 996.431
4787 996.431
4788 996.431
4789 996.431
4790 996.431
4791 996.431
4792 996.431
4793 996.431
4794 996.431
4795 996.431
4796 996.431
4797 996.431
4798 996.431
4799 996.431
4800 996.431
4801 996.471
4802 996.471
4803 996.49
4804 996.49
4805 996.49
4806 996.529
4807 996.529
4808 996.529
4809 996.529
4810 996.549
4811 996.549
4812 996.569
4813 996.569
4814 996.569
4815 996.569
4816 996.569
4817 996.569
4818 996.569
4819 996.569
4820 996.569
4821 996.569
4822 996.569
4823 996.569
4824 996.588
4825 996.588
4826 996.588
4827 996.588
4828 996.588
4829 996.588
4830 996.588
4831 996.588
4832 996.588
4833 996.588
4834 996.588
4835 996.588
4836 996.588
4837 996.588
4838 996.627
4839 996.627
4840 996.647
4841 996.647
4842 996.667
4843 996.667
4844 996.667
4845 996.667
4846 996.667
4847 996.667
4848 996.667
4849 996.667
4850 996.667
4851 996.667
4852 996.686
4853 996.686
4854 996.706
4855 996.706
4856 996.706
4857 996.706
4858 996.706
4859 996.706
4860 996.706
4861 996.706
4862 996.706
4863 996.706
4864 996.706
4865 996.706
4866 996.706
4867 996.725
4868 996.725
4869 996.725
4870 996.725
4871 996.725
4872 996.725
4873 996.725
4874 996.725
4875 996.725
4876 996.725
4877 996.725
4878 996.725
4879 996.725
4880 996.725
4881 996.725
4882 996.725
4883 996.725
4884 996.725
4885 996.725
4886 996.725
4887 996.725
4888 996.725
4889 996.725
4890 996.725
4891 996.725
4892 996.725
4893 996.725
4894 996.745
4895 996.745
4896 996.745
4897 996.745
4898 996.745
4899 996.745
4900 996.745
4901 996.765
4902 996.784
4903 996.804
4904 996.804
4905 996.804
4906 996.804
4907 996.804
4908 996.804
4909 996.804
4910 996.804
4911 996.804
4912 996.804
4913 996.804
4914 996.804
4915 996.804
4916 996.804
4917 996.804
4918 996.804
4919 996.804
4920 996.804
4921 996.824
4922 996.824
4923 996.843
4924 996.843
4925 996.843
4926 996.843
4927 996.843
4928 996.863
4929 996.882
4930 996.882
4931 996.882
4932 996.882
4933 996.882
4934 996.882
4935 996.882
4936 996.882
4937 996.882
4938 996.882
4939 996.902
4940 996.902
4941 996.902
4942 996.902
4943 996.902
4944 996.902
4945 996.902
4946 996.902
4947 996.902
4948 996.902
4949 996.902
4950 996.902
4951 996.902
4952 996.902
4953 996.902
4954 996.902
4955 996.902
4956 996.902
4957 996.902
4958 996.902
4959 996.902
4960 996.922
4961 996.922
4962 996.922
4963 996.941
4964 996.941
4965 996.941
4966 996.961
4967 996.961
4968 996.961
4969 996.961
4970 996.961
4971 996.961
4972 996.961
4973 996.98
4974 996.98
4975 996.98
4976 996.98
4977 996.98
4978 996.98
4979 996.98
4980 996.98
4981 997
4982 997
4983 997
4984 997
4985 997
4986 997.039
4987 997.039
4988 997.039
4989 997.039
4990 997.039
4991 997.039
4992 997.039
4993 997.059
4994 997.059
4995 997.059
4996 997.059
4997 997.059
4998 997.059
4999 997.078
5000 997.078
# Run : 51
# Iteration : 5000
# Dimension : 1000
# Best Objective : 1000
# Average Objective : 997
# Execution Time : 0.152702(s)
